4 0
5 0
6 0
7 0
8 0
9 1
10 1
11 0
12 1
13 1
14 1
15 0
16 1
17 0
18 0
19 0
20 1
21 1
22 1
23 1
24 1
25 1
26 1
27 1
28 0
29 0
30 0
31 0
32 1
33 1
34 0
35 0
36 0
37 0
38 1
39 1
40 1
41 1
42 1
43 0
44 1
45 0
46 0
47 1
48 1
49 0
50 1
51 0
52 0
53 1
54 0
55 1
56 0
57 1
58 1
59 1
60 1
61 0
62 1
63 0
64 0
65 1
66 1
67 0
68 1
69 1
70 1
71 1
72 0
73 0
74 1
75 0
80 0
81 0
82 0
83 0
84 0
85 1
86 1
87 1
88 1
89 0
90 0
91 0
92 1
93 0
94 1
95 1
96 1
97 0
98 0
99 0
100 0
101 0
102 1
103 1
104 0
105 0
106 0
107 1
108 0
109 1
110 1
111 0
112 1
113 1
114 0
115 0
116 0
117 1
118 1
119 1
120 1
121 0
122 0
123 0
124 1
125 1
126 0
127 1
128 0
129 0
130 1
131 0
132 1
133 0
134 0
135 1
136 1
137 0
138 1
139 0
140 0
141 1
142 1
143 1
144 0
145 1
146 1
147 0
148 1
149 0
150 0
151 1
156 0
157 0
158 1
159 1
164 1
165 0
166 1
167 0
168 0
169 0
170 1
171 1
172 1
173 1
174 0
175 1
180 0
181 0
182 1
183 0
184 0
185 1
186 0
187 0
188 0
189 1
190 0
191 0
192 0
193 0
194 0
195 1
196 0
197 0
198 1
199 1
200 1
201 1
202 1
203 0
204 0
205 0
206 1
207 0
208 1
209 1
210 0
211 0
212 0
213 1
214 0
215 0
216 0
217 1
218 1
219 0
224 1
225 1
226 1
227 0
228 0
229 0
230 1
231 0
232 1
233 0
234 1
235 1
236 1
237 0
238 0
239 0
240 0
241 0
242 0
243 0
244 1
245 0
246 1
247 0
248 1
249 0
250 0
251 1
252 1
253 1
254 0
255 0
256 0
257 0
258 1
259 0
260 0
261 0
262 1
263 0
264 0
265 0
266 0
267 1
268 1
269 1
270 0
271 0
272 1
273 1
274 0
275 0
276 0
277 0
278 1
279 0
280 1
281 0
282 0
283 0
284 1
285 1
286 1
287 1
292 0
293 1
294 0
295 0
296 0
297 0
298 1
299 0
300 0
301 0
302 0
303 0
304 0
305 1
306 0
307 1
308 1
309 0
310 0
311 0
312 1
313 1
314 0
315 0
316 1
317 1
318 0
319 0
320 0
321 1
322 0
323 0
324 1
325 0
326 1
327 1
332 1
333 0
334 1
335 1
336 1
337 1
338 0
339 1
340 1
341 1
342 1
343 1
344 0
345 1
346 1
347 1
356 1
357 0
358 0
359 0
360 0
361 1
362 1
363 0
368 0
369 0
370 1
371 0
372 1
373 1
374 1
375 1
376 0
377 0
378 0
379 1
380 0
381 0
382 1
383 1
384 1
385 0
386 0
387 1
388 1
389 0
390 0
391 1
392 1
393 1
394 0
395 1
396 0
397 0
398 1
399 1
400 1
401 0
402 0
403 0
408 1
409 1
410 1
411 0
412 0
413 0
414 0
415 0
420 0
421 0
422 1
423 0
424 1
425 1
426 0
427 1
432 1
433 0
434 1
435 0
436 1
437 0
438 0
439 1
440 0
441 1
442 0
443 1
444 1
445 1
446 0
447 1
448 1
449 0
450 1
451 1
452 0
453 1
454 0
455 0
456 1
457 0
458 1
459 0
464 1
465 0
466 0
467 0
468 1
469 0
470 1
471 0
472 1
473 0
474 0
475 0
476 1
477 0
478 1
479 0
480 0
481 0
482 1
483 0
484 1
485 1
486 1
487 0
488 1
489 1
490 0
491 1
492 0
493 0
494 0
495 0
496 1
497 0
498 1
499 0
500 1
501 1
502 1
503 0
504 0
505 0
506 1
507 0
508 1
509 0
510 1
511 0
512 0
513 1
514 0
515 0
516 1
517 0
518 0
519 1
524 1
525 0
526 0
527 1
528 1
529 1
530 0
531 0
532 0
533 1
534 1
535 1
536 0
537 1
538 1
539 1
540 0
541 1
542 1
543 0
552 1
553 0
554 1
555 1
556 1
557 0
558 0
559 1
560 1
561 0
562 1
563 1
564 1
565 0
566 0
567 0
568 0
569 1
570 0
571 1
572 1
573 1
574 1
575 1
576 0
577 1
578 1
579 0
580 1
581 1
582 0
583 1
584 1
585 1
586 0
587 0
588 1
589 0
590 1
591 0
592 1
593 0
594 1
595 0
596 1
597 1
598 1
599 1
600 1
601 1
602 1
603 0
604 1
605 0
606 1
607 1
608 1
609 1
610 1
611 0
612 1
613 0
614 0
615 0
616 0
617 1
618 0
619 1
620 0
621 0
622 1
623 0
624 1
625 0
626 0
627 1
628 0
629 1
630 1
631 0
632 0
633 1
634 1
635 0
636 1
637 0
638 0
639 1
640 1
641 1
642 1
643 0
644 0
645 1
646 0
647 1
648 1
649 0
650 0
651 0
652 1
653 0
654 1
655 0
656 0
657 1
658 0
659 0
660 1
661 1
662 1
663 0
664 1
665 1
666 0
667 1
668 0
669 1
670 1
671 1
672 1
673 0
674 1
675 1
680 1
681 1
682 1
683 1
688 0
689 1
690 1
691 0
692 1
693 0
694 1
695 0
696 0
697 0
698 0
699 1
700 1
701 1
702 0
703 0
704 1
705 0
706 0
707 0
708 1
709 1
710 0
711 1
716 0
717 0
718 1
719 1
720 1
721 0
722 1
723 1
728 0
729 0
730 0
731 0
740 0
741 1
742 1
743 0
744 0
745 1
746 0
747 1
748 1
749 1
750 1
751 0
752 0
753 1
754 1
755 1
756 0
757 0
758 1
759 0
760 0
761 1
762 1
763 1
764 1
765 0
766 0
767 0
768 1
769 1
770 0
771 0
772 1
773 1
774 1
775 0
776 0
777 1
778 1
779 1
780 0
781 0
782 0
783 1
784 1
785 1
786 0
787 0
788 0
789 1
790 1
791 1
792 1
793 0
794 1
795 0
796 1
797 1
798 0
799 0
800 1
801 1
802 1
803 1
804 1
805 1
806 0
807 1
808 0
809 0
810 1
811 0
812 1
813 0
814 1
815 0
816 1
817 1
818 0
819 0
824 1
825 0
826 0
827 1
828 1
829 1
830 0
831 1
832 1
833 0
834 1
835 0
836 0
837 0
838 1
839 0
844 0
845 1
846 1
847 1
848 1
849 1
850 1
851 1
852 0
853 0
854 0
855 0
856 1
857 1
858 0
859 0
860 0
861 1
862 1
863 1
864 1
865 0
866 1
867 0
868 0
869 1
870 0
871 0
876 1
877 1
878 0
879 0
880 1
881 1
882 0
883 1
888 1
889 0
890 0
891 1
892 1
893 0
894 1
895 0
896 1
897 0
898 0
899 1
904 1
905 1
906 0
907 0
908 0
909 0
910 0
911 1
912 1
913 0
914 0
915 0
916 1
917 0
918 0
919 0
924 0
925 1
926 1
927 1
928 1
929 0
930 1
931 0
932 0
933 0
934 1
935 1
936 1
937 0
938 1
939 0
940 1
941 1
942 1
943 1
944 0
945 0
946 1
947 1
952 0
953 0
954 1
955 1
956 1
957 1
958 0
959 0
960 1
961 0
962 1
963 0
964 0
965 1
966 1
967 0
972 0
973 1
974 1
975 0
976 1
977 1
978 0
979 1
980 0
981 1
982 0
983 0
988 0
989 1
990 0
991 1
992 0
993 0
994 1
995 0
996 0
997 0
998 1
999 1
1000 1
1001 0
1002 0
1003 1
1004 1
1005 1
1006 0
1007 0
1012 0
1013 0
1014 0
1015 1
1016 0
1017 1
1018 1
1019 1
1020 1
1021 0
1022 0
1023 1
