0 1
1 1
2 1
3 0
4 0
5 0
6 0
7 0
8 1
9 0
10 0
11 0
12 0
13 1
14 1
15 0
16 1
17 1
18 1
19 0
20 1
21 0
22 0
23 0
24 1
25 1
26 1
27 0
28 0
29 0
30 1
31 1
32 1
33 1
34 1
35 1
36 0
37 0
38 0
39 0
40 0
41 0
42 0
43 0
44 0
45 0
46 1
47 1
48 1
49 0
50 1
51 1
52 1
53 0
54 1
55 1
56 0
57 1
58 0
59 0
60 1
61 1
62 1
63 0
64 0
65 0
66 1
67 1
68 0
69 1
70 1
71 0
72 1
73 0
74 1
75 0
76 1
77 0
78 0
79 1
80 0
81 1
82 0
83 1
84 1
85 0
86 0
87 1
88 1
89 1
90 0
91 1
96 0
97 1
98 1
99 1
100 1
101 0
102 0
103 1
104 1
105 1
106 1
107 1
108 0
109 0
110 0
111 1
112 0
113 1
114 1
115 0
124 0
125 1
126 1
127 0
132 1
133 0
134 1
135 1
136 1
137 1
138 1
139 0
144 1
145 1
146 0
147 0
148 1
149 1
150 0
151 1
160 0
161 0
162 0
163 1
164 1
165 0
166 1
167 1
168 1
169 1
170 0
171 1
172 0
173 0
174 0
175 1
176 1
177 1
178 0
179 1
180 1
181 0
182 1
183 0
188 1
189 1
190 0
191 0
192 0
193 1
194 1
195 1
200 0
201 0
202 1
203 1
204 0
205 1
206 0
207 1
208 1
209 0
210 0
211 0
212 0
213 1
214 1
215 1
216 1
217 0
218 1
219 1
220 1
221 0
222 0
223 0
224 1
225 0
226 1
227 1
228 1
229 1
230 0
231 0
236 0
237 1
238 0
239 0
240 0
241 0
242 0
243 0
244 1
245 1
246 1
247 1
252 0
253 0
254 0
255 1
256 1
257 1
258 0
259 1
260 1
261 1
262 0
263 0
264 1
265 1
266 1
267 1
268 1
269 1
270 0
271 1
272 1
273 1
274 1
275 1
276 0
277 1
278 0
279 0
280 1
281 1
282 1
283 1
284 1
285 1
286 1
287 1
288 0
289 0
290 0
291 1
292 1
293 1
294 0
295 1
300 1
301 1
302 0
303 1
304 1
305 0
306 1
307 1
312 0
313 1
314 0
315 1
316 0
317 1
318 0
319 1
320 0
321 0
322 0
323 1
324 1
325 1
326 1
327 0
328 0
329 1
330 0
331 0
332 0
333 1
334 1
335 1
336 1
337 1
338 1
339 0
340 0
341 1
342 1
343 1
344 1
345 1
346 0
347 0
348 1
349 1
350 1
351 1
352 0
353 0
354 0
355 0
356 0
357 1
358 1
359 1
360 1
361 0
362 1
363 0
368 1
369 0
370 1
371 1
372 0
373 1
374 1
375 0
376 0
377 0
378 0
379 1
380 0
381 0
382 0
383 0
384 1
385 1
386 0
387 0
388 0
389 0
390 0
391 0
392 0
393 1
394 1
395 0
396 0
397 1
398 1
399 1
400 1
401 0
402 1
403 0
404 1
405 1
406 0
407 0
412 0
413 1
414 1
415 0
420 0
421 0
422 0
423 1
424 0
425 0
426 1
427 1
432 0
433 1
434 0
435 0
436 1
437 0
438 0
439 1
440 1
441 1
442 0
443 1
444 0
445 0
446 1
447 0
452 1
453 1
454 1
455 1
456 1
457 0
458 1
459 0
460 1
461 0
462 1
463 0
464 1
465 0
466 1
467 0
468 1
469 0
470 1
471 0
472 1
473 1
474 0
475 1
476 0
477 1
478 0
479 1
480 1
481 1
482 1
483 0
484 0
485 0
486 1
487 1
488 0
489 0
490 1
491 0
492 0
493 1
494 0
495 0
496 0
497 0
498 0
499 1
500 1
501 0
502 1
503 0
504 1
505 0
506 0
507 1
508 1
509 0
510 1
511 1
512 1
513 0
514 0
515 1
516 1
517 0
518 1
519 0
520 1
521 1
522 1
523 1
524 1
525 1
526 0
527 0
528 1
529 0
530 1
531 0
532 1
533 1
534 1
535 0
544 0
545 0
546 1
547 0
548 0
549 0
550 0
551 0
552 1
553 1
554 0
555 1
556 1
557 1
558 0
559 0
560 1
561 1
562 1
563 1
564 0
565 1
566 1
567 1
576 1
577 1
578 0
579 1
580 1
581 0
582 1
583 1
584 0
585 1
586 0
587 0
588 1
589 0
590 1
591 1
592 1
593 0
594 0
595 1
596 0
597 0
598 1
599 0
600 0
601 0
602 1
603 0
604 1
605 0
606 0
607 0
608 1
609 1
610 0
611 0
612 0
613 0
614 0
615 0
616 1
617 0
618 0
619 0
620 0
621 1
622 0
623 1
624 0
625 1
626 0
627 0
628 0
629 0
630 1
631 0
632 0
633 1
634 1
635 0
636 0
637 1
638 0
639 1
640 1
641 1
642 0
643 0
644 0
645 1
646 1
647 1
648 1
649 0
650 0
651 1
652 0
653 1
654 1
655 1
656 1
657 0
658 0
659 0
660 0
661 1
662 1
663 0
664 0
665 0
666 0
667 1
668 1
669 1
670 1
671 1
672 1
673 1
674 0
675 1
676 1
677 1
678 0
679 0
680 1
681 1
682 0
683 0
684 0
685 0
686 0
687 1
688 1
689 0
690 1
691 0
692 1
693 0
694 0
695 1
696 1
697 0
698 0
699 0
700 0
701 0
702 0
703 1
704 0
705 1
706 1
707 0
708 1
709 0
710 1
711 1
712 0
713 1
714 0
715 1
716 0
717 1
718 1
719 1
720 1
721 0
722 1
723 0
724 1
725 0
726 1
727 0
728 1
729 0
730 1
731 0
732 1
733 1
734 1
735 1
736 1
737 0
738 0
739 1
740 1
741 0
742 0
743 0
748 0
749 0
750 0
751 0
752 1
753 0
754 0
755 1
760 0
761 1
762 1
763 1
764 0
765 1
766 1
767 0
768 1
769 0
770 1
771 1
772 0
773 0
774 1
775 0
776 0
777 0
778 0
779 1
780 1
781 1
782 0
783 1
784 0
785 0
786 0
787 0
788 1
789 0
790 1
791 1
796 0
797 0
798 1
799 0
800 1
801 0
802 0
803 0
808 1
809 1
810 1
811 1
812 0
813 0
814 1
815 1
816 1
817 1
818 0
819 1
820 1
821 1
822 0
823 0
828 0
829 1
830 1
831 1
832 1
833 1
834 1
835 0
836 0
837 1
838 0
839 1
840 1
841 1
842 1
843 0
844 0
845 1
846 1
847 0
848 1
849 1
850 1
851 1
852 1
853 0
854 0
855 1
856 1
857 0
858 0
859 0
860 0
861 1
862 0
863 1
868 0
869 1
870 0
871 1
872 0
873 0
874 0
875 1
876 1
877 0
878 1
879 1
880 0
881 1
882 1
883 1
884 1
885 0
886 0
887 1
888 1
889 1
890 0
891 1
892 1
893 0
894 0
895 0
900 0
901 0
902 1
903 1
904 1
905 0
906 0
907 1
912 0
913 1
914 1
915 0
916 0
917 1
918 1
919 1
920 1
921 0
922 1
923 1
924 0
925 0
926 0
927 0
928 1
929 0
930 0
931 1
932 0
933 1
934 0
935 0
936 0
937 0
938 1
939 0
940 0
941 0
942 1
943 1
944 0
945 1
946 1
947 0
948 0
949 0
950 1
951 1
952 1
953 1
954 0
955 0
956 0
957 0
958 1
959 1
960 1
961 1
962 1
963 0
964 0
965 0
966 0
967 1
968 1
969 1
970 0
971 0
980 1
981 0
982 1
983 1
984 0
985 0
986 1
987 0
988 0
989 1
990 1
991 1
992 0
993 1
994 0
995 0
996 1
997 1
998 0
999 0
1000 0
1001 0
1002 0
1003 1
1004 1
1005 1
1006 1
1007 0
1008 1
1009 0
1010 0
1011 0
1012 0
1013 0
1014 1
1015 0
1016 0
1017 1
1018 1
1019 1
1020 1
1021 0
1022 0
1023 1
